0.00000000000000
1.272019574643284078
-1.272019574643284078
2.1771205811297669132
-2.1771205811297669132
0.60264546215800864757
-0.60264546215800864757
3.159740580653384178
-3.159740580653384178
3.8693209492606887701
-3.8693209492606887701
1.7383377742915404417
-1.7383377742915404417
4.6180204099893871045
-4.6180204099893871045
2.6896310286682493238
-2.6896310286682493238
5.3367633288946170622
-5.3367633288946170622
0.29659497837178405724
-0.29659497837178405724
5.9840727736543583228
-5.9840727736543583228
4.2226331303501435398
-4.2226331303501435398
6.6310886575874635356
-6.6310886575874635356
3.4734971255268245853
-3.4734971255268245853
7.2264029469099688696
-7.2264029469099688696