2 0 0 0 0 0 0 0 0 0 0 0    0.500000000000
0 2 0 0 0 0 0 0 0 0 0 0    0.500000000000
0 0 2 0 0 0 0 0 0 0 0 0    0.500000000000
0 0 0 2 0 0 0 0 0 0 0 0    0.500000000000
0 0 0 0 2 0 0 0 0 0 0 0    0.500000000000
0 0 0 0 0 2 0 0 0 0 0 0    0.500000000000
0 0 0 0 0 0 2 0 0 0 0 0    0.500000000000
0 0 0 0 0 0 0 2 0 0 0 0    0.500000000000
0 0 0 0 0 0 0 0 2 0 0 0    0.500000000000
0 0 0 0 0 0 0 0 0 2 0 0    0.500000000000
0 0 0 0 0 0 0 0 0 0 2 0    0.500000000000
0 0 0 0 0 0 0 0 0 0 0 2    0.500000000000
1 1 0 0 0 0 0 0 0 0 0 0    0.100000000000
0 1 1 0 0 0 0 0 0 0 0 0    0.100000000000
0 0 1 1 0 0 0 0 0 0 0 0    0.100000000000
0 0 0 1 1 0 0 0 0 0 0 0    0.100000000000
0 0 0 0 1 1 0 0 0 0 0 0    0.100000000000
0 0 0 0 0 1 1 0 0 0 0 0    0.100000000000
0 0 0 0 0 0 1 1 0 0 0 0    0.100000000000
0 0 0 0 0 0 0 1 1 0 0 0    0.100000000000
0 0 0 0 0 0 0 0 1 1 0 0    0.100000000000
0 0 0 0 0 0 0 0 0 1 1 0    0.100000000000
0 0 0 0 0 0 0 0 0 0 1 1    0.100000000000